108
633
104
17
386
324
192
489
542
848
717
449
897
659
684
269
415
282
308
521
501
290
86
397
960
167
670
330
398
212
651
619
428
175
206
221
362
382
113
811
703
504
84
693
900
181
596
584
1
20
98
487
27
64
409
791
313
592
519
122
986
925
105
265
462
562
446
488
567
418
791
143
924
929
855
551
377
13
999
128
642
346
213
48
622
614
860
715
609
925
409
398
377
113
695
547
821
481
613
2
376
353
674
805
623
747
691
660
956
486
617
728
220
86
812
669
412
4
913
666
891
997
784
555
291
253
304
832
499
863
425
222
195
703
866
941
771
326
35
387
243
979
537
874
172
135
924
556
76
599
896
391
600
567
651
448
210
43
694
110
983
681
259
708
771
826
167
466
896
588
358
206
634
504
280
480
802
860
511
827
16
916
186
601
973
95
860
619
305
503
632
88
510
587
929
191
739
692
131
321
593
700
106
934
387
590
508
222
976
966
434
684
772
457
601
770
425
296
327
760
773
978
857
613
988
20
798
634
601
179
610
567
311
815
701
978
255
816
377
845
141
852
802
178
601
272
265
42
434
932
571
636
649
32
777
340
388
266
137
81
994
847
354
29
692
6
228
583
36
357
296
380
891
348
265
188
147
715
273
236
919
820
95
798
390
12
994
21
440
991
430
807
437
526
544
973
359
19
381
141
576
947
850
212
799
218
828
435
210
156
164
395
70
768
581
884
751
649
109
483
692
554
467
50
360
283
361
326
794
1000
281
970
732
370
133
825
305
932
54
908
829
523
374
652
96
84
98
258
987
540
343
382
960
246
698
595
637
617
528
610
611
42
127
392
471
133
520
37
473
909
251
58
441
171
368
833
209
925
633
248
525
806
25
255
642
515
844
525
941
277
259
41
159
670
547
111
442
470
22
934
491
228
271
996
424
970
311
716
252
408
382
597
626
936
541
413
462
389
632
479
181
232
501
437
976
196
196
483
242
533
406
466
946
632
915
9
3
223
185
617
210
516
869
604
120
871
76
7
674
562
950
707
713
427
193
191
225
224
184
903
114
783
656
275
662
975
191
108
116
597
58
839
751
531
29
552
186
864
798
969
494
526
545
136
703
243
193
683
581
431
651
462
153
828
679
496
70
455
990
234
622
235
440
757
805
739
583
419
249
745
594
730
194
164
56
710
183
380
200
265
972
641
46
456
266
166
963
200
693
467
298
528
435
232
252
565
202
593
970
430
785
464
172
807
155
101
554
906
564
425
732
204
975
869
103
859
939
993
855
233
572
296
685
713
672
413
512
328
133
135
511
961
701
318
186
173
905
50
367
126
96
462
74
866
316
973
760
900
950
816
245
197
908
186
567
59
224
409
625
316
220
438
96
881
269
752
956
128
499
680
89
381
735
241
477
53
649
302
917
757
737
243
424
197
223
213
259
906
462
186
145
967
557
113
647
715
917
921
608
951
417
609
73
562
163
383
54
45
370
450
311
770
466
418
153
304
526
63
121
78
112
154
781
678
712
475
361
278
982
207
457
940
361
919
915
509
315
16
930
176
638
275
580
857
247
640
619
577
871
326
409
367
247
39
193
280
102
244
907
578
266
58
595
595
303
285
732
372
363
709
466
542
628
474
339
841
277
111
72
713
719
564
522
998
485
926
995
91
567
511
450
988
779
568
150
713
303
213
354
882
466
234
837
492
4
790
899
323
867
503
680
714
91
664
781
283
597
183
526
419
898
807
546
111
952
346
782
35
923
942
89
256
861
785
149
101
523
781
290
61
324
257
596
983
607
564
185
202
165
320
266
445
319
175
440
112
341
501
488
26
532
980
378
539
169
206
72
13
454
486
840
127
576
343
642
659
173
736
776
739
597
278
881
876
34
391
719
670
922
407
58
72
716
275
294
902
7
511
231
200
137
443
623
564
837
838
136
483
705
4
891
945
229
483
392
110
781
766
813
924
315
88
904
794
258
227
235
472
956
568
187
140
71
707
221
920
123
766
148
742
165
343
757
626
577
970
240
993
635
346
844
306
584
812
487
285
633
676
54
184
637
831
195
77
532
790
491
122
345
38
795
743
189
832
385
79
90
163
513
248
868
656
324
508
775
463
221
438
281
200
897
969
112
363
816
170
602
316
234
522
197
704
40
112
543
81
21
514
23
116
704
290
647
47
165
326
655
696
364
438
712
25
246
678
943
585
238
823
839
363
902
501
183
653
549
942
358
179
402
367
128
564
170
811
115
463
395
394
42
632
192
367
505
229
121
552
242
461
40
155
991
196
237
901
710
733
715
646
649
25
279
182
249
203
610
944
756
714
810
743
664
211
700
88
213
2
758
725
943
115
40
322
641
414
171
420
744
88
917
75
982
619
111
449
79
152
99
412
42
24
282
610
548
535
467
577
32
256
116
667
930
29
719
340
845
757
850
573
426
939
319
801
567
345
326
987
210
610
109
185
305
515
667
43
804
289
511
681
775
523
653
99
881
952
923
880
885
149
893
9
54
44
128
455
976
979
143
267
741
905
504
92
214
16
342
358
948
578
614
20
583
475
591
680
663
584
88
732
524
936
155
671
332
823
435
112
658
987
23
742
690
308
986
51
14
115
231
707
370
948
783
477
899
437
18
322
292
563
250
180
810
976
260
355
155
122
492
633
725
256
625
827
73
296
233
281
462
335
606
39
300
463
509
451
443
549
209
882
674
481
145
518
731
241
652
46
338
241
78
138
948
677
960
526
366
899
871
497
450
228
739
652
147
912
10
501
622
558
345
371
493
771
125
791
979
819
586
157
273
70
422
161
323
832
263
75
994
894
859
70
262
514
999
963
148
675
126
824
554
716
991
890
324
752
128
612
486
899
141
862
910
686
938
181
165
500
547
897
810
552
989
513
650
104
98
834
770
371
158
392
568
204
615
249
88
804
290
331
550
957
959
283
319
974
28
648
296
749
99
311
34
633
495
930
647
97
781
880
336
203
259
206
544
572
616
802
223
741
528
984
753
301
937
185
315
577
287
614
702
2
277
783
974
327
203
384
506
594
175
916
654
764
529
612
964
660
939
329
97
524
844
605
935
633
164
221
797
849
846
492
532
590
405
910
517
63
202
554
701
84
985
740
293
275
503
607
947
425
668
139
443
152
148
282
88
644
268
1
30
17
774
107
439
547
517
205
476
951
122
115
200
324
661
164
305
336
653
534
491
773
671
476
611
210
985
373
503
443
552
107
321
73
104
337
98
31
275
5
844
539
819
807
387
87
80
141
367
832
889
927
39
353
914
660
442
786
524
689
80
370
571
663
569
20
538
995
180
655
175
380
425
501
48
893
494
933
284
561
220
176
401
472
820
986
869
79
893
122
858
456
490
865
217
989
864
263
966
905
860
139
959
70
174
668
815
711
449
730
966
604
201
924
836
269
44
229
486
661
296
120
426
111
532
530
348
610
480
78
180
644
824
798
816
436
371
892
541
711
46
744
497
421
477
742
728
813
854
848
317
918
929
506
121
828
117
398
703
570
474
802
662
218
483
195
162
240
410
461
257
29
710
266
818
9
743
995
577
97
95
416
387
67
548
422
916
130
645
657
850
914
535
164
464
306
798
739
844
900
50
346
306
817
688
936
996
698
747
587
768
186
669
345
401
112
822
782
950
805
319
903
574
465
761
70
731
840
303
403
825
994
453
37
898
39
919
741
420
824
674
257
932
335
655
940
289
652
394
231
494
301
412
887
224
183
251
23
934
257
238
828
42
5
957
18
877
86
835
979
351
691
287
620
131
415
457
294
122
569
716
985
308
527
933
22
345
713
594
951
106
49
46
227
558
774
162
365
739
207
592
853
615
212
466
563
123
644
710
573
678
688
710
785
160
170
137
11
903
170
352
429
525
864
96
855
819
13
385
161
261
719
116
762
711
173
155
201
735
647
970
511
289
858
518
160
497
38
174
623
911
981
415
592
981
301
261
118
439
352
248
110
179
478
180
264
829
53
641
523
757
841
770
608
859
54
775
405
406
362
279
408
979
216
271
652
173
146
5
730
897
236
531
628
964
612
276
839
65
951
654
212
982
596
590
8
2
713
892
454
467
602
382
62
438
26
661
2
762
357
872
608
121
186
918
475
155
540
142
886
460
417
489
123
914
526
776
668
28
687
556
264
527
398
358
385
851
630
23
42
124
294
531
192
650
180
220
83
278
347
625
442
95
635
224
290
916
260
721
165
942
646
723
456
774
439
196
867
967
1
336
806
173
13
597
318
80
369
776
438
610
228
505
775
585
426
315
832
35
150
672
790
485
398
706
477
825
739
490
545
154
780
711
251
54
753
690
889
451
476
359
73
771
911
594
666
860
252
736
422
891
907
259
965
85
520
976
647
580
399
805
35
684
405
796
884
318
589
469
692
123
629
359
460
234
46
284
684
655
830
813
748
82
57
71
946
695
19
222
64
378
677
171
545
68
73
56
879
840
192
384
68
14
281
520
545
551
217
348
217
634
216
162
645
537
336
845
492
558
821
44
738
741
866
700
377
453
927
867
446
201
308
574
870
290
578
690
708
967
750
638
262
389
866
802
206
295
822
183
499
994
953
963
311
465
387
723
273
914
16
470
581
814
478
854
161
316
479
988
439
950
313
964
421
875
236
859
859
520
874
542
618
706
477
271
108
78
943
272
578
218
442
611
530
988
844
792
862
712
118
814
899
865
536
45
943
435
873
956
570
164
799
706
395
147
643
715
917
46
990
762
26
896
160
591
7
936
687
449
363
454
455
921
941
685
788
317
781
773
833
525
442
197
921
731
336
551
657
795
779
873
30
729
870
246
779
385
555
375
48
309
481
299
271
788
716
974
205
800
995
982
72
331
676
693
367
505
777
324
629
803
194
345
287
557
193
344
154
996
131
287
115
592
227
372
754
584
670
559
647
15
878
527
239
239
904
836
479
323
945
152
862
299
530
590
820
543
478
107
136
624
868
947
727
568
357
908
684
587
706
64
791
732
220
228
111
718
884
183
317
747
357
795
12
437
190
133
298
345
861
719
394
230
176
694
708
243
115
203
437
885
288
101
20
148
445
925
155
384
93
800
781
431
575
919
584
887
245
366
541
731
459
278
11
919
496
531
825
56
364
790
492
472
39
22
966
29
743
439
298
848
843
603
422
751
760
593
838
691
435
634
575
853
411
25
291
175
746
548
926
519
911
213
382
933
144
691
757
775
981
694
296
615
951
521
663
584
301
19
302
488
649
276
510
603
417
864
782
608
682
949
502
717
794
665
428
742
144
521
361
628
854
718
615
542
543
964
630
101
319
350
916
495
285
418
291
367
720
921
762
450
307
925
714
670
158
443
96
297
313
439
534
352
511
716
939
507
880
275
254
389
59
918
337
657
63
848
55
826
185
998
946
672
747
411
949
338
363
853
639
818
685
739
108
178
760
412
217
834
31
103
65
505
240
232
189
571
806
790
417
950
269
166
862
204
886
224
278
47
473
987
114
469
2
461
905
27
941
709
540
698
850
19
452
926
531
679
556
914
994
341
78
112
766
838
89
100
76
685
300
397
575
851
859
359
405
568
693
150
161
665
430
667
148
513
869
664
613
556
26
792
263
438
781
965
455
463
405
950
898
236
499
776
946
393
215
730
7
1
524
44
54
112
822
729
753
790
946
681
698
162
358
551
512
152
563
569
424
845
285
915
359
387
448
228
483
793
532
577
635
97
676
931
228
322
993
953
255
272
111
854
227
761
234
364
330
930
891
274
758
443
978
782
488
878
924
674
20
774
812
322
303
647
411
769
84
789
353
233
667
197
341
78
660
531
302
517
41
62
25
163
871
334
706
449
531
256
533
62
869
548
267
553
609
812
791
761
41
795
167
908
842
794
882
678
884
108
309
897
331
351
299
253
56
432
132
877
929
774
471
700
449
766
618
811
166
737
85
339
284
887
605
376
679
953
856
61
872
669
996
247
411
282
416
160
168
792
519
589
765
460
488
241
533
532
925
792
934
514
686
609
927
276
668
8
17
232
31
935
829
720
84
751
935
685
979
8
25
788
770
348
661
924
146
365
380
76
167
745
64
583
377
218
905
244
169
575
282
247
905
935
706
215
189
503
185
43
224
536
11
188
370
526
27
22
675
319
825
797
903
70
240
543
278
564
512
104
143
288
202
542
148
840
57
362
983
535
501
697
661
711
399
547
658
82
85
701
471
843
425
753
551
371
432
157
830
126
497
417
897
798
139
722
795
928
272
682
732
496
434
184
46
984
579
926
321
730
93
355
367
914
214
786
639
849
894
65
979
221
415
764
394
265
803
941
805
109
221
113
265
994
246
595
470
514
267
11
356
551
974
678
546
406
544
571
595
668
795
179
675
425
4
139
982
443
138
542
453
202
310
238
533
291
5
939
53
400
469
220
369
930
25
734
71
350
937
54
799
478
470
202
492
159
969
685
809
361
243
836
765
508
48
339
497
880
23
761
421
536
487
577
966
649
472
293
858
937
552
924
599
214
217
838
177
745
609
243
799
571
18
208
912
575
390
29
806
888
512
700
912
542
620
96
361
532
280
69
233
218
875
640
869
956
688
79
348
784
147
165
192
55
820
817
960
605
767
800
680
92
796
462
37
899
913
167
497
555
602
908
30
626
334
311
958
859
303
410
506
405
203
557
717
649
504
675
677
156
434
389
292
285
152
319
146
539
459
399
730
52
829
882
847
295
898
475
111
278
754
522
802
43
536
390
120
774
721
57
1000
800
281
580
322
475
18
657
143
271
410
587
58
419
136
529
276
246
118
701
300
7
677
980
843
519
29
175
410
243
691
316
440
433
159
625
322
441
306
279
884
176
714
921
457
504
401
277
959
21
846
600
592
914
467
944
650
889
926
258
53
747
888
674
904
716
605
225
269
118
484
789
111
846
497
851
857
100
666
145
694
240
658
778
462
151
276
984
485
417
164
288
561
514
701
773
127
702
566
243
38
474
857
873
656
917
5
567
531
425
145
432
52
69
666
867
950
955
27
910
466
381
411
484
510
289
930
682
697
485
626
153
893
642
136
185
937
208
896
865
472
474
666
139
479
353
292
260
311
827
567
753
985
915
209
821
671
121
137
802
588
208
625
980
974
832
911
253
174
828
524
699
546
704
193
374
920
604
110
356
176
641
270
479
885
619
724
123
74
459
255
19
426
37
669
743
256
135
304
619
572
925
840
366
374
222
837
408
888
920
427
932
211
519
246
504
113
12
102
997
65
852
37
131
916
448
381
272
817
804
485
593
235
803
625
685
721
188
648
864
985
133
353
370
458
564
174
331
872
1000
235
454
747
182
705
252
602
147
411
377
602
852
717
814
764
518
283
796
282
741
100
132
555
818
226
268
983
773
887
79
874
440
133
709
715
893
434
566
950
706
75
670
531
428
598
909
278
541
506
695
8
348
182
567
724
883
146
526
735
75
814
904
780
473
150
807
330
580
662
19
825
129
112
216
617
894
947
1
597
748
866
7
680
537
252
840
907
392
382
781
180
75
374
391
496
326
783
532
724
908
84
608
812
467
380
421
297
925
41
937
272
710
724
906
982
567
756
795
517
495
599
265
9
464
938
474
2
299
262
306
722
576
640
10
153
351
246
665
498
449
251
665
868
353
464
450
108
287
724
835
201
297
693
164
469
724
411
797
808
601
38
320
338
540
829
801
943
126
493
863
494
28
87
334
842
177
164
911
793
849
579
288
401
170
659
219
326
132
631
46
481
637
91
937
812
764
651
708
467
183
537
818
723
78
319
554
491
373
479
196
693
338
84
120
847
897
824
462
533
909
684
278
115
611
601
151
965
290
82
822
233
233
877
595
662
38
354
836
776
762
460
718
568
19
570
221
559
381
501
885
634
258
17
731
358
918
938
654
289
606
509
950
427
771
97
832
203
896
461
802
451
61
50
356
325
108
585
172
700
107
2
18
643
791
950
713
138
58
50
294
679
502
662
598
594
752
803
131
907
917
87
837
818
685
550
244
423
473
59
27
276
335
194
120
302
776
252
236
283
546
82
175
615
778
199
855
92
375
699
797
424
271
656
524
167
347
62
624
548
487
126
81
563
862
955
50
323
150
755
368
625
713
644
435
373
282
916
358
618
926
615
802
939
993
958
131
30
130
824
949
827
427
654
756
55
941
986
628
174
577
722
346
239
118
938
104
196
659
3
732
844
801
700
140
191
731
714
952
345
257
690
978
15
288
807
697
51
669
67
640
911
710
675
986
634
758
282
382
426
907
272
183
671
608
123
921
113
678
340
455
315
802
148
158
227
353
594
455
839
496
664
590
610
381
419
946
86
885
429
740
461
796
316
717
929
390
184
905
715
141
556
170
387
926
996
680
400
74
100
309
199
896
586
918
682
448
12
584
806
624
55
430
482
142
396
602
607
660
685
693
647
49
463
954
418
653
191
289
54
890
491
846
61
735
829
309
207
843
169
342
1000
400
968
563
394
612
210
3
871
870
460
272
865
398
252
485
404
932
104
492
405
730
842
644
534
348
299
402
826
692
783
889
343
411
935
318
120
893
399
31
781
416
60
849
610
360
830
954
821
9
297
484
276
3
556
5
667
316
878
851
663
443
716
378
567
646
611
171
387
956
981
983
403
724
518
554
846
540
394
529
430
148
698
187
198
897
430
246
402
663
418
722
942
424
647
392
226
128
417
803
247
471
236
585
600
94
637
767
834
767
761
33
639
165
92
245
538
340
733
604
227
788
892
307
113
402
309
571
822
145
778
2
780
338
320
135
576
491
923
851
575
10
570
244
232
473
96
538
404
244
717
255
305
131
187
143
875
360
418
227
255
730
71
160
651
725
861
55
521
845
690
402
223
560
626
503
855
757
729
606
468
262
963
827
209
73
14
363
193
435
145
724
683
888
685
276
368
187
21
467
125
152
797
176
668
44
512
139
840
634
831
649
113
456
430
732
701
737
841
517
702
580
828
825
512
251
560
908
664
757
429
197
801
281
407
95
707
222
315
957
316
625
891
443
751
212
60
1
753
165
585
967
543
388
483
831
578
960
469
926
21
906
591
102
711
986
222
128
157
815
848
384
570
750
772
21
548
733
502
632
447
725
652
119
455
192
847
326
117
457
878
284
623
928
975
290
720
444
631
155
105
250
790
944
977
284
191
20
47
147
699
535
458
796
518
402
340
923
150
970
940
567
772
808
136
606
96
709
117
129
303
245
272
189
738
188
78
146
75
707
185
506
960
404
281
462
474
436
459
981
921
914
815
981
140
270
347
527
949
955
885
756
332
612
106
183
491
711
859
698
567
742
220
922
879
968
819
168
799
3
53
265
53
193
254
311
4
996
174
650
382
11
751
829
941
683
507
785
817
607
326
730
203
887
281
199
596
157
21
625
212
473
471
180
966
301
163
709
31
444
35
487
966
608
596
676
46
15
283
845
138
7
868
74
925
518
500
938
855
948
955
741
978
947
527
926
95
255
921
313
12
519
574
197
14
352
192
925
128
871
417
624
467
493
174
381
488
203
246
888
155
256
430
721
238
726
150
447
47
715
699
169
312
4
353
602
85
310
722
226
768
722
876
780
825
596
971
273
972
426
929
580
832
208
188
423
111
871
56
385
425
610
547
806
183
67
527
282
594
857
867
160
24
495
410
604
393
691
379
336
51
927
804
880
563
639
653
952
182
209
430
121
713
537
650
568
664
306
199
320
317
992
570
816
698
879
720
851
131
173
10
564
588
302
614
301
242
911
261
265
74
849
806
898
951
971
264
261
419
367
39
716
111
458
959
277
89
256
65
533
202
901
80
523
511
853
157
551
442
517
897
583
812
622
390
395
797
461
89
72
328
774
129
954
105
693
66
649
720
370
838
463
305
776
466
92
546
731
431
924
208
893
449
539
398
507
876
617
682
48
929
707
570
342
565
69
581
345
480
536
612
382
835
905
771
252
205
568
707
547
456
996
906
635
823
939
662
571
649
887
291
962
339
680
103
763
221
769
979
19
353
181
631
233
967
766
898
368
730
117
962
105
557
897
881
631
549
609
867
150
184
889
399
686
488
63
115
43
981
524
592
54
980
329
77
73
841
783
709
929
726
219
71
912
772
1
222
653
724
486
333
960
109
683
535
790
282
290
17
64
965
183
355
496
648
79
15
3
497
654
503
541
694
780
862
739
560
931
86
780
866
3
78
83
232
814
421
149
701
142
41
130
528
943
643
171
442
72
283
471
513
71
952
961
853
312
247
124
664
434
876
458
202
686
792
582
938
744
95
372
967
44
82
674
946
592
709
852
457
729
920
260
674
770
614
673
477
265
645
822
374
804
306
122
296
402
489
580
83
420
391
118
476
202
269
280
156
971
448
511
316
743
935
41
173
380
960
346
817
512
914
554
868
10
545
305
153
94
643
149
610
50
141
439
375
729
933
311
822
808
401
176
211
836
520
297
51
907
413
12
224
932
383
327
517
425
771
381
308
379
839
74
484
818
46
182
611
711
37
466
13
672
860
315
329
972
377
667
175
681
414
905
82
24
7
855
210
212
189
970
555
387
720
207
788
314
173
891
830
459
594
176
967
554
247
277
999
329
11
40
354
535
331
751
581
764
597
593
774
625
213
8
149
440
584
722
63
842
754
743
909
117
542
677
776
488
821
422
117
984
923
455
227
585
54
537
571
150
663
875
654
543
313
701
586
168
524
183
968
54
775
456
249
403
198
860
988
354
465
922
583
270
846
8
195
677
683
75
515
714
359
958
625
557
437
496
700
789
605
45
4
2
44
889
156
6
415
152
417
154
111
843
518
639
427
562
651
264
991
393
940
181
540
898
580
914
698
967
713
827
470
558
583
132
677
392
381
974
367
260
529
880
978
71
228
919
680
358
993
525
195
163
715
684
495
776
516
207
929
237
567
559
547
746
735
228
456
491
303
34
440
824
528
83
569
896
263
406
371
477
53
62
270
553
146
458
972
434
877
108
877
980
963
742
904
929
225
64
80
950
750
353
676
258
706
686
791
346
972
546
89
782
580
806
948
213
960
463
149
735
423
573
286
3
195
449
498
962
758
162
283
574
690
210
515
137
250
497
515
315
80
533
161
962
850
450
191
466
741
462
198
261
233
412
255
684
97
722
513
479
188
388
225
138
696
827
881
321
244
12
107
888
940
915
722
413
938
676
294
858
237
816
542
860
776
164
861
895
175
728
606
172
740
784
315
809
213
914
125
364
290
346
672
910
875
390
301
689
983
595
911
949
427
715
966
211
12
35
476
135
398
704
57
502
396
897
564
223
299
468
82
248
157
420
883
589
426
489
867
915
598
364
123
92
292
844
714
434
11
750
592
557
321
803
296
251
538
333
249
844
417
248
620
243
139
682
984
851
476
607
49
201
815
162
605
897
744
495
572
774
306
757
191
141
631
21
712
210
716
650
749
534
502
622
35
319
822
161
273
246
534
805
612
344
873
130
726
912
867
626
503
33
3
821
960
895
75
781
790
725
2
676
452
373
390
557
21
929
631
666
950
555
413
315
791
183
200
923
294
634
643
51
276
368
900
353
357
452
811
416
450
946
486
196
994
911
673
437
635
880
601
212
998
560
702
925
61
46
587
893
747
24
1
63
120
195
580
727
248
838
749
311
472
20
224
225
411
558
862
800
825
5
617
131
728
431
803
946
891
248
866
895
992
608
581
610
737
71
821
367
532
893
301
249
63
570
642
716
975
351
216
75
261
954
599
354
83
717
802
459
736
463
765
517
889
727
185
866
320
815
408
756
11
839
814
902
511
806
734
952
599
344
216
524
833
437
284
574
810
479
684
913
389
480
927
725
415
62
255
411
466
861
77
952
579
829
878
972
659
703
782
258
531
436
64
781
994
774
736
649
255
393
833
845
828
698
156
84
436
19
871
164
440
853
744
96
683
57
959
848
87
451
932
469
4
679
570
352
804
769
952
864
992
127
358
704
782
516
473
173
219
101
21
164
468
858
272
245
664
611
255
878
559
801
158
809
372
815
249
957
900
581
157
984
834
681
354
25
263
229
884
541
424
676
16
552
168
664
114
158
71
975
930
635
494
73
574
892
371
257
358
251
723
429
886
345
884
211
184
392
840
222
36
376
903
224
665
738
995
348
446
64
910
81
999
42
603
428
536
343
6
111
797
703
275
686
534
99
389
120
186
560
202
970
948
57
363
784
795
711
608
439
521
160
920
665
989
734
694
347
29
767
885
85
72
785
989
841
332
250
323
431
774
621
675
565
822
942
911
882
9
200
92
878
277
139
542
691
658
892
995
546
37
884
728
207
468
933
918
65
59
524
880
659
517
162
657
251
958
311
576
690
805
80
371
254
427
544
428
411
191
958
770
799
692
355
146
489
432
544
330
218
148
437
685
428
879
835
165
195
593
263
961
594
586
285
881
179
629
398
874
861
354
297
128
257
138
596
801
66
498
80
570
960
655
553
798
482
745
247
204
48
793
206
722
888
664
204
66
162
770
992
258
892
143
825
407
865
452
967
888
322
917
592
716
765
159
453
103
758
572
433
771
266
317
88
335
930
943
98
763
872
301
343
633
386
779
925
822
248
330
678
49
130
887
935
321
882
95
731
609
13
780
81
74
703
924
325
673
530
760
168
365
168
633
741
201
32
253
899
615
518
874
366
749
366
570
637
590
556
993
348
392
865
830
389
532
719
673
609
474
934
712
421
841
752
120
71
559
56
31
549
778
577
889
668
176
780
549
465
523
988
76
123
944
853
425
767
171
482
612
564
217
766
600
621
30
530
493
121
279
43
794
231
102
771
870
852
802
22
138
330
384
263
889
337
847
662
997
56
675
895
930
116
546
782
122
3
264
666
988
255
185
976
863
137
900
287
303
873
6
532
285
293
351
714
82
129
786
302
103
429
212
261
381
350
48
353
574
275
79
533
701
918
553
948
414
927
404
915
947
612
290
985
368
207
954
844
502
224
16
384
457
99
65
596
33
215
757
163
484
45
85
986
970
143
775
520
365
955
919
922
627
661
678
384
397
904
217
84
962
287
929
978
31
912
77
282
826
664
902
748
100
784
146
615
584
263
568
832
396
787
75
448
452
616
899
417
504
284
539
78
463
383
313
587
704
857
869
311
583
250
175
145
347
763
63
553
86
236
245
870
643
449
82
970
495
123
768
838
400
13
241
840
755
190
673
885
925
636
653
655
45
667
873
853
540
284
27
925
297
616
102
52
114
145
520
848
963
764
186
565
585
543
743
301
183
853
593
567
742
929
357
207
657
419
103
230
92
505
523
849
208
805
17
606
966
31
741
982
292
341
47
949
988
432
688
952
619
636
398
854
886
715
514
587
376
353
581
809
655
417
770
314
997
549
167
70
190
673
185
899
850
52
963
530
979
607
738
466
67
508
96
14
685
878
987
855
119
531
997
398
399
506
749
95
407
341
685
751
83
540
670
279
592
46
286
630
750
160
892
746
639
902
411
131
654
550
984
268
595
768
360
438
426
410
308
509
517
860
269
670
782
277
918
377
425
430
882
115
734
215
298
663
933
21
652
141
177
961
456
812
959
916
709
846
311
490
69
148
806
529
957
936
837
117
520
842
29
780
109
636
69
768
850
347
75
313
700
269
347
12
585
157
52
670
827
681
735
771
15
240
826
110
344
825
435
184
813
361
86
541
702
556
854
287
753
500
149
830
260
116
128
852
220
282
155
572
335
843
530
222
792
585
755
180
841
883
136
181
862
837
196
594
148
519
285
680
458
437
78
657
588
527
627
235
533
621
349
538
885
297
425
343
559
978
28
389
335
489
39
476
297
32
442
514
848
102
268
648
272
255
856
76
10
476
111
156
572
444
267
141
831
202
811
38
833
460
463
316
584
687
670
17
688
588
397
232
981
189
81
171
726
375
831
376
407
690
682
276
568
916
979
402
153
52
303
299
516
814
195
957
128
118
700
150
71
4
22
621
582
292
89
509
46
358
869
703
679
282
943
661
468
933
550
804
791
169
873
754
174
484
689
566
297
325
966
237
538
171
383
768
541
31
815
885
11
578
287
787
698
568
22
762
645
602
945
228
731
24
419
994
547
155
977
98
218
321
375
960
817
235
885
453
688
116
700
427
682
685
444
548
517
369
295
798
211
770
40
701
443
213
938
314
928
140
574
739
559
242
715
206
508
128
505
968
61
576
71
529
872
819
792
418
420
658
859
954
727
75
55
800
189
194
951
68
843
388
355
39
310
384
339
610
446
930
275
365
655
218
188
449
258
827
956
458
267
363
592
388
180
886
191
276
769
22
812
643
145
934
852
612
122
148
456
742
208
115
186
476
656
928
905
88
892
138
626
158
145
253
210
37
358
297
950
18
301
606
828
995
753
760
550
682
412
109
601
568
520
473
272
427
538
983
764
671
75
673
575
215
548
201
938
64
748
107
789
377
652
539
536
908
770
953
559
295
827
882
429
830
235
919
364
459
495
505
138
660
701
131
347
79
197
660
885
234
446
325
873
271
111
239
541
28
254
301
577
262
565
992
85
487
25
997
705
134
663
310
382
474
9
485
425
360
387
960
157
682
853
507
40
824
508
192
425
522
998
171
450
320
30
748
598
712
822
838
383
959
704
180
537
649
868
422
587
605
506
825
118
514
296
943
232
794
684
691
546
1
473
654
513
857
377
32
388
600
303
985
379
96
256
880
991
545
166
905
422
358
612
568
14
453
828
150
656
38
836
596
118
336
597
478
166
978
938
654
832
293
882
39
880
175
282
537
136
499
402
550
811
804
602
942
180
299
54
435
75
951
766
61
581
390
311
546
725
310
849
924
613
208
100
859
813
334
691
447
553
42
581
67
935
110
883
619
865
744
888
543
781
926
71
395
473
790
385
876
657
927
819
953
315
443
32
303
913
180
173
552
615
536
657
660
911
89
211
51
146
876
999
193
789
395
182
821
86
659
398
790
405
109
58
258
976
405
406
984
371
674
578
676
785
691
26
364
668
85
631
836
199
334
210
562
627
182
849
106
446
709
641
282
545
29
155
431
660
905
690
799
310
421
692
865
461
335
624
732
640
522
139
366
792
786
879
929
229
563
796
566
789
993
997
824
440
7
373
731
929
587
795
364
582
451
472
279
138
771
435
985
928
582
367
212
781
851
243
370
291
630
294
550
924
933
624
318
420
112
874
197
290
429
679
639
251
44
164
29
965
778
778
588
705
597
861
182
378
521
403
529
337
962
387
289
607
296
616
272
96
217
722
351
319
553
763
220
633
794
837
94
449
604
448
646
499
532
255
407
789
796
175
419
587
640
730
430
720
576
623
225
960
903
417
718
929
675
534
121
280
803
547
96
161
6
865
1
367
586
912
986
849
437
245
249
736
417
117
972
462
444
911
739
44
932
734
419
330
777
210
645
51
232
817
280
919
422
190
655
4
99
328
20
81
732
37
890
65
219
779
914
831
507
67
567
258
822
690
40
207
352
715
198
530
785
399
244
458
140
970
26
100
215
722
498
662
898
734
969
468
16
797
189
28
880
552
324
533
374
921
566
757
131
962
194
592
177
513
57
389
474
802
292
855
441
692
123
674
524
78
765
898
532
712
894
131
629
578
824
20
49
41
4
676
434
645
195
514
802
385
503
394
232
105
440
434
437
331
764
443
42
45
723
330
716
785
471
208
31
459
9
256
62
890
130
218
639
597
97
865
80
75
74
268
629
234
775
339
913
109
375
701
206
513
878
164
291
59
687
461
547
114
683
933
899
220
417
525
929
299
438
578
534
201
729
779
872
424
269
629
11
495
128
320
572
901
558
633
518
147
541
278
507
870
811
252
632
151
346
813
925
300
622
962
814
306
601
188
752
423
421
731
103
680
16
43
618
265
120
220
462
995
417
203
154
776
122
132
642
838
119
529
418
473
720
899
306
640
540
69
532
14
793
814
236
323
830
44
509
251
560
91
309
817
173
299
416
442
814
199
446
686
881
445
35
69
769
646
393
579
451
616
383
5
190
742
799
946
198
450
617
382
977
134
874
410
808
989
653
312
664
606
420
545
945
785
904
810
802
201
623
275
693
697
489
136
947
825
293
877
114
950
875
325
327
885
458
842
84
172
888
957
249
297
137
57
96
399
657
848
625
811
294
187
908
747
455
211
544
243
478
314
377
403
237
804
713
832
379
815
329
780
856
85
291
944
44
669
281
196
755
124
634
109
51
888
325
638
847
526
788
655
728
496
973
403
73
976
271
308
273
422
675
872
955
323
469
672
661
93
938
485
985
161
835
226
880
162
364
810
139
686
151
144
438
468
241
683
107
551
259
991
57
368
27
552
988
604
999
416
89
53
619
247
297
358
182
653
431
888
19
408
722
123
916
402
622
800
190
348
738
692
207
890
659
560
486
884
507
259
120
405
168
937
7
727
360
887
15
769
126
469
875
147
847
245
185
348
549
681
670
595
739
817
279
448
836
204
653
602
791
473
823
903
488
909
711
225
159
747
880
714
232
613
272
28
425
951
333
409
349
86
364
884
364
974
321
449
840
548
382
134
588
618
206
846
160
872
549
181
694
654
670
132
587
567
292
255
390
810
851
376
119
359
932
82
583
35
998
632
210
959
372
326
40
536
275
291
913
254
820
317
557
811
34
973
387
214
69
524
580
211
478
681
657
396
49
789
363
84
18
694
765
865
230
37
53
975
15
945
446
630
760
904
734
687
718
962
245
986
274
634
612
920
761
354
25
674
595
305
810
851
109
89
300
160
734
573
845
375
352
699
169
424
264
445
478
269
363
573
959
936
654
806
592
703
506
676
737
435
157
777
669
518
576
699
316
251
520
957
441
835
699
709
709
517
310
753
410
291
629
502
587
93
484
886
350
494
749
624
458
834
206
271
39
527
76
329
390
23
702
270
870
232
630
483
378
455
500
243
772
998
523
513
840
12
735
611
774
345
868
362
927
442
561
159
443
603
166
323
232
694
108
417
37
303
940
114
36
143
355
1
840
638
507
592
846
31
157
325
781
332
235
297
338
927
487
882
345
947
914
926
898
26
21
906
550
816
922
938
694
637
333
770
516
460
426
52
594
309
73
605
668
816
109
959
375
952
975
194
501
383
401
205
2
467
534
180
868
578
541
671
41
226
264
229
968
807
430
506
51
572
945
39
942
849
347
532
352
802
584
59
61
748
19
418
965
431
652
457
60
690
279
204
497
738
361
988
450
563
586
764
460
392
918
764
305
459
767
694
750
900
734
97
270
989
355
668
123
462
892
710
105
11
314
856
315
406
959
682
615
508
395
407
998
632
679
143
49
311
921
708
635
541
159
76
774
583
121
685
988
64
417
889
390
357
193
303
355
807
5
611
481
906
87
905
737
383
457
365
50
683
494
497
398
856
869
152
708
115
909
77
315
545
244
535
475
856
262
426
537
803
267
208
710
328
597
89
853
971
828
642
649
244
270
369
72
449
127
868
828
450
699
119
375
449
692
441
922
533
307
542
572
937
515
562
583
459
409
800
571
757
671
87
57
338
876
548
211
131
456
432
150
667
437
198
636
162
803
746
971
438
689
60
910
583
352
667
574
963
751
206
844
439
104
140
982
204
177
576
114
951
345
395
603
643
749
735
684
247
473
78
294
729
924
423
548
808
13
380
39
966
106
899
758
861
693
363
29
983
170
860
873
635
190
372
680
869
309
410
433
616
915
716
610
642
228
193
472
846
753
782
235
840
185
528
146
162
166
994
548
323
712
532
269
498
371
264
566
421
317
88
330
291
649
595
339
668
569
6
15
980
926
308
812
726
777
984
740
426
341
364
126
321
230
589
480
715
397
390
916
484
522
236
670
672
169
249
433
28
272
700
669
322
143
898
273
753
785
166
566
557
922
932
92
905
6
921
273
826
746
136
468
145
302
192
955
924
475
785
728
21
897
595
348
475
148
393
700
519
152
644
272
604
331
349
117
417
706
830
920
838
661
978
536
175
780
608
961
886
928
381
207
810
326
280
696
147
134
632
210
214
73
696
484
489
825
312
964
185
810
84
922
914
96
895
110
514
779
588
765
243
540
671
904
861
456
324
97
821
888
318
157
454
426
728
704
810
353
910
136
920
733
295
477
73
644
657
107
241
372
552
300
672
839
374
759
848
44
181
238
419
716
39
954
672
494
409
171
757
88
839
919
318
189
359
877
496
563
20
775
541
451
882
455
254
969
127
175
31
818
159
15
165
386
199
278
305
837
757
801
485
939
300
825
347
146
951
423
302
702
611
513
3
637
179
32
386
110
566
82
314
183
343
721
635
80
141
905
846
523
836
943
245
58
314
688
726
796
349
430
544
350
423
817
488
621
305
771
518
407
415
271
872
50
181
712
346
872
688
848
943
827
75
278
374
507
470
872
702
654
690
365
284
68
439
340
337
159
548
68
836
529
493
581
371
754
41
320
847
432
452
787
362
910
421
700
848
166
233
882
716
102
965
877
633
299
483
545
889
95
691
951
65
710
483
405
864
462
394
201
582
868
468
291
146
492
818
15
284
178
544
488
532
376
804
743
254
965
27
241
758
354
462
539
191
472
471
666
381
770
520
263
43
263
154
262
61
344
802
793
827
759
927
504
109
401
136
239
978
775
735
206
202
697
260
72
926
736
478
508
699
801
69
396
761
686
396
578
623
13
506
76
836
317
989
653
339
991
81
119
597
429
171
88
351
192
482
115
548
12
177
515
876
11
644
436
250
843
291
484
309
13
588
823
869
829
978
201
899
645
684
989
733
941
75
922
524
809
407
119
791
198
630
463
998
508
615
778
745
195
198
722
957
885
809
586
372
889
593
969
722
639
217
69
968
287
229
636
760
913
125
961
920
355
51
94
350
726
661
214
319
12
256
804
691
871
968
843
534
311
182
387
677
48
282
599
588
985
195
835
933
314
567
105
46
454
964
354
113
815
920
164
653
555
916
187
451
577
543
10
258
437
396
17
578
140
933
298
24
955
318
488
425
864
327
810
277
253
288
191
502
918
545
385
723
111
554
186
653
421
277
713
141
384
403
126
803
401
525
235
972
811
620
44
416
347
108
984
612
104
164
845
490
363
953
476
981
222
713
717
128
401
524
461
921
227
412
53
6
821
739
843
642
186
232
12
501
369
709
928
902
218
948
623
913
830
609
621
91
248
855
338
619
221
541
849
931
567
422
119
399
175
479
786
742
182
487
407
662
93
413
641
95
771
271
292
197
306
806
78
682
441
330
158
295
131
845
865
759
595
203
89
125
598
370
264
680
703
338
960
216
261
198
666
674
910
115
359
921
660
392
76
254
234
3
675
654
109
704
111
189
40
861
236
292
481
894
253
291
353
1000
229
116
86
766
298
836
107
974
911
441
223
31
217
654
179
125
250
652
169
202
456
986
586
383
595
226
969
387
161
70
832
898
267
172
365
801
528
869
821
66
73
857
471
685
276
380
296
881
13
850
427
583
702
579
979
227
833
52
33
49
553
133
923
299
915
159
625
561
875
399
903
502
122
530
381
959
557
979
840
181
162
524
947
729
144
951
924
365
583
888
593
951
139
245
975
554
921
161
227
902
146
898
535
810
972
758
274
497
391
845
268
451
713
277
935
164
348
698
318
762
211
445
296
955
524
611
273
51
198
312
860
948
932
815
349
517
626
269
381
752
458
518
276
284
921
707
506
164
158
520
137
894
404
794
531
87
653
514
943
773
602
284
991
584
357
406
433
69
604
346
424
42
763
9
742
357
287
35
609
395
903
858
679
597
613
206
624
781
37
988
745
98
365
173
739
310
738
26
315
35
746
621
162
995
112
789
837
169
85
759
133
357
156
197
465
608
338
490
564
840
760
512
311
665
965
847
615
480
399
765
655
246
202
152
969
746
549
112
144
180
500
669
352
516
763
910
487
310
552
771
297
588
235
455
751
111
296
418
675
649
913
746
988
32
877
515
460
292
131
726
126
81
725
38
882
808
764
227
638
592
94
83
110
194
337
242
124
730
227
932
453
996
944
921
73
843
291
349
412
815
581
90
900
674
711
667
80
821
524
366
551
148
288
275
108
330
825
494
672
30
815
957
276
657
630
30
67
169
963
385
990
707
632
627
887
320
221
737
357
963
595
704
707
18
627
871
423
384
733
449
808
885
791
276
346
788
949
911
43
458
845
749
526
387
79
945
224
552
139
393
669
647
250
757
834
618
497
595
314
172
453
198
32
40
771
343
247
395
505
988
366
719
277
609
980
454
781
291
373
592
170
888
551
725
417
355
233
150
399
155
322
997
653
412
982
924
969
61
540
133
715
890
827
463
190
533
374
898
400
116
104
706
484
899
535
103
829
960
201
848
270
859
408
932
777
747
637
79
484
888
228
232
942
948
622
583
9
412
381
508
97
550
703
213
926
158
637
427
362
215
199
837
262
871
696
926
299
427
432
354
288
966
633
724
373
603
372
989
104
707
734
267
885
606
210
647
111
365
712
968
677
296
337
528
313
640
93
772
191
943
223
489
654
817
976
314
246
330
831
709
135
20
453
174
931
888
393
4
224
280
876
528
319
672
852
64
24
675
155
930
994
271
304
717
271
957
210
486
256
124
880
717
873
962
36
520
401
576
126
497
897
722
755
772
437
668
562
253
365
875
27
61
319
333
78
387
424
831
397
500
624
821
75
435
821
217
749
35
719
127
956
788
9
88
917
612
108
83
260
474
527
992
664
915
37
886
738
820
29
213
495
470
185
974
390
938
927
822
239
387
670
384
574
53
371
902
228
765
248
482
495
306
183
196
116
579
276
262
648
561
863
672
63
990
393
887
913
707
188
965
614
916
377
185
462
424
435
724
482
950
638
550
39
864
82
366
598
838
275
613
426
151
675
720
787
13
204
298
906
953
675
280
38
991
821
862
133
252
589
155
269
118
763
427
31
898
563
329
23
928
297
57
355
855
546
233
586
331
702
997
892
428
434
754
171
858
452
192
128
385
517
152
575
778
998
787
463
827
568
257
259
913
331
251
349
358
473
473
910
919
412
970
878
730
683
553
132
807
666
445
305
949
261
115
66
256
533
486
1000
195
38
125
438
550
289
426
603
407
921
666
844
170
607
552
165
35
352
320
437
779
209
914
405
289
762
739
106
598
51
894
36
473
911
46
764
50
196
259
537
219
186
583
868
226
251
443
866
497
23
848
525
437
356
466
673
641
465
942
118
826
480
14
70
239
117
227
846
498
309
654
239
34
221
157
2
11
78
412
594
182
37
513
468
688
193
70
494
696
763
469
974
690
241
227
613
1
601
573
989
641
424
818
847
647
986
848
981
22
63
937
728
748
300
535
317
13
167
779
221
801
487
351
908
928
329
831
496
18
928
544
552
782
760
366
565
71
766
469
607
401
388
116
576
555
120
490
170
151
898
219
97
162
452
899
804
744
137
966
568
228
866
733
689
921
520
862
805
857
548
396
183
501
774
960
804
575
990
860
855
874
269
160
692
332
772
677
553
730
294
994
15
993
306
62
687
101
456
294
730
312
368
756
618
840
859
208
602
12
457
575
144
412
534
434
188
653
550
980
505
716
160
875
248
437
266
420
503
991
128
648
391
368
772
685
100
424
213
638
624
925
625
912
695
527
467
112
158
524
719
20
437
159
896
555
97
491
541
121
39
511
196
502
345
752
934
578
966
585
406
36
512
535
405
274
140
839
860
225
4
585
296
684
198
286
965
335
440
878
846
628
902
27
909
941
812
395
207
524
68
453
129
258
453
399
887
784
468
275
493
770
816
844
597
379
169
841
932
254
322
910
197
194
314
603
960
668
485
92
719
714
26
214
403
994
16
514
259
93
703
845
130
187
785
899
392
150
33
986
747
527
987
789
174
338
783
665
550
581
954
205
321
52
436
853
366
204
616
821
682
254
41
595
446
774
643
782
115
2
742
634
198
276
252
756
683
78
234
116
309
433
308
12
772
432
587
200
224
960
522
436
769
818
619
412
645
699
534
188
274
813
583
907
375
472
524
490
624
107
694
27
141
329
598
212
481
819
512
162
35
486
245
876
82
616
581
100
220
921
80
908
225
399
707
914
600
421
212
383
647
931
473
670
477
988
343
852
263
838
298
3
157
819
612
589
555
761
401
482
853
267
283
162
58
727
931
834
146
203
131
312
579
150
3
158
374
981
200
788
605
666
200
239
216
569
147
462
199
927
763
499
414
65
653
635
702
283
154
441
272
51
869
565
581
357
542
903
868
430
416
436
490
450
680
958
394
781
38
679
607
815
19
177
473
551
697
318
566
418
442
207
376
978
791
547
672
580
572
233
786
421
670
834
887
599
896
105
245
110
49
784
947
443
124
798
60
313
358
924
340
97
903
387
856
763
113
191
5
764
518
700
453
489
524
936
752
768
722
326
624
113
257
741
751
839
351
184
499
630
462
3
409
254
53
707
852
504
556
770
82
875
230
804
17
563
625
405
796
654
286
950
296
884
200
101
163
453
446
19
327
725
216
887
115
596
287
654
392
415
941
861
805
326
556
840
11
740
266
809
630
815
717
152
823
102
79
254
855
362
12
756
607
471
325
494
717
190
640
93
160
369
403
25
361
101
570
611
804
15
408
795
454
629
125
39
314
646
900
118
98
209
197
728
832
748
404
699
